# cosmic time (Myr)/0   sfr (Msun/yr)/1
4.168590815795544131e+02 7.568651330182812539e-03
4.396612827510912211e+02 1.431792602667546731e-02
4.624634839226279155e+02 0.000000000000000000e+00
4.852656850941647235e+02 1.114561904254771432e-02
5.080678862657014179e+02 8.242328904754405230e-03
5.308700874372382259e+02 2.477531266624593068e-02
5.536722886087749202e+02 4.542406553536259411e-02
5.764744897803116146e+02 3.686503095659490747e-01
5.992766909518484226e+02 9.455792442665802988e-02
6.220788921233852307e+02 1.799093023024607441e-01
6.448810932949219250e+02 1.372021323160365347e-01
6.676832944664586194e+02 3.643260770955439876e-01
6.904854956379954274e+02 1.604224506584121412e+00
7.132876968095321217e+02 1.862184634007027828e+00
7.360898979810689298e+02 1.315581518092886704e+00
7.588920991526056241e+02 1.805493326965431411e+00
7.816943003241424321e+02 2.319309078313559258e+00
8.044965014956791265e+02 8.934928834522903873e-01
8.272987026672159345e+02 2.762465877206643494e+00
8.501009038387526289e+02 6.008397622348931044e+00
8.729031050102894369e+02 3.031528110944139875e+00
8.957053061818261313e+02 1.036516619679419371e+01
9.185075073533629393e+02 7.112887861674916934e+00
9.413097085248996336e+02 3.999901902641598284e+00
9.641119096964363280e+02 2.422792143366257367e+00
9.869141108679731360e+02 3.995601232157699023e+00
1.009716312039509944e+03 6.374078054349088696e+00
1.032518513211046638e+03 3.005202310258753950e+00
1.055320714382583446e+03 2.437012109649085989e+00
1.078122915554120027e+03 3.357932368357269048e+00
1.100925116725657062e+03 2.470716940577038390e+00
1.123727317897193643e+03 6.491977038868395944e+00
1.146529519068730224e+03 2.897820455786307647e+00
1.169331720240267259e+03 2.874562602611716589e+00
1.192133921411803840e+03 3.935787121886062945e+00
1.214936122583340421e+03 4.122432740648031668e+00
1.237738323754877456e+03 2.942434733552773629e+00
1.260540524926414037e+03 4.981045571188752241e+00
1.283342726097950845e+03 6.756006707712189474e+00
1.306144927269487653e+03 6.564076017914469929e+00
1.328947128441024233e+03 6.172252150331194898e+00
1.351749329612561269e+03 4.122335577789431937e+01
1.374551530784097849e+03 1.657040475590953932e+01
1.397353731955634430e+03 1.126763759741023385e+01
1.420155933127171465e+03 7.311747256516965443e+00
1.442958134298708046e+03 1.059512880083128472e+01
1.465760335470245082e+03 1.025141292353251821e+01
1.488562536641781662e+03 4.633896859519990308e+00
1.511364737813318243e+03 2.406504398845926929e+00
1.534166938984855278e+03 2.256425854998842961e+00
